51115155. 243

lerunt, Demetrius 151 55 (1. 6. 8). 551 555555551515 111155
55555 515 5515151551 uirklieh 15555 5155515 Jehr. 5555 555
5551 555 5551551 5555 5555 51555 5555155555 15 51555 zeit 55-
hert, nieht 302 (wc 5555 5155 5155511155 5555 Κ5111515 5151
5555155511 werden muse, 5155 1515555555 5111 555 55151515 51551
515551 11555), 515151 515 55555551 (22) 551 [15115. 5555 55 dieser
15 5555 16 5155 5555555515555555 5555551555 555 Demetrice
Phalereus (Athen. XII 542), 17 5155 555155151151111 Polyperchcne
(htheu. IV 155), 5515515551 555 555555551551555, 22 ausser die·
seur ithyphallos 5155 55511551555 555 515155115155 555 Deme· .
11155 5151 (Athen. XII 535) die Plutarch (1511555111 551, 555 5551
551 551 151551511555 551555 5151155 287, weiter 515 5555 23
uberhaupt nichts engeldhrt wind, und doeh 555 55111 5155551555
51155155515551 115 Κ515515155 51555, 55 15111151, 5555 5555 22
55151 1151555 5515155555 515 jehre 303-1 51155155 1155515, tur
51535515 290-87 uortrehlich pesst

Vcn den eeit der 5555555 555 515155 551555555 von 1115 11
entdeckten 5151555 5155 5115151555 5551 (1151151105111211)
555 5551 15515 555 11151555, 515 55155555151 15125555. . ., 51555
nunn 5155515 555 Ptolemaios, wie 55 5555151, 55551555155515511
51551 5555155155 151555555511555551 55155555555115 151 551115-
515155; 511515 555 51111515515 55 5555151 51151555 555155155.
5555555 551 1155555555 beiden 5515555555 55515151515555-
55151, 5555 51555 515555 Τ515555555, 55151 55155551 515515-
55515515555 55155515555 555 ἥρως ἰατρὸς ((115 11 403) 15155-
55515155 151, 15 51555 151155111. Κ55151, 551 515555 51515 51551
551551 5555555 551, 551 ihn 55 555 5555 555 dritten jehrhunderte
55155111 555, 55 weit 5155 5555 5515551551151155 kann, epricht
551111 515 5551115 155555 555 monument 151 kein 5155151155, 5155551
11515 55511151551 51515555111555 15 5515 555 Kumenudcs tritt dtr
111155 55551555 515. 15551 5555 5155515 Κ55151 5115151555 wel

durch 515 515155 55111515111555 5551151511 werden, welche be-
5155555 551, wenn die 555555 555 5151555 1155115 151, 5555 551
1511155516. prytanio 15555Μ5115511151155 551. 551555 551-
5111555 551 515 5555, 5551 555551551 51551 551 551555 555 ’

5111155 jchrhunderte beetunden. 5511551 5155551, ch 555 55
15

 

